Bond  Step  Rank
1 1 1
2 2 1
3 3 1
4 4 1
5 5 1
6 6 1
7 7 1
8 8 1
10 10 1
11 11 1
12 12 1
13 13 1
14 14 1
15 15 1
14 16 1
13 17 1
12 18 1
11 19 1
10 20 1
8 22 1
6 24 1
5 25 1
4 26 1
3 27 1
2 28 1
1 29 1
2 30 1
3 31 1
4 32 1
5 33 1
6 34 1
7 35 1
10 38 1
11 39 1
12 40 1
13 41 1
14 42 1
15 43 1
14 44 1
13 45 1
12 46 1
11 47 1
10 48 1
6 52 1
5 53 1
4 54 1
3 55 1
2 56 1
1 57 1
2 58 1
3 59 1
4 60 1
5 61 1
6 62 1
7 63 1
8 64 1
10 66 1
11 67 1
12 68 1
13 69 1
14 70 1
15 71 1
14 72 1
13 73 1
12 74 1
11 75 1
10 76 1
9 77 1
6 80 1
5 81 1
4 82 1
3 83 1
2 84 1
1 85 1
2 86 1
3 87 1
4 88 1
5 89 1
6 90 1
9 93 1
10 94 1
11 95 1
12 96 1
13 97 1
14 98 1
15 99 1
14 100 1
13 101 1
12 102 1
11 103 1
10 104 1
9 105 1
8 106 1
6 108 1
5 109 1
4 110 1
3 111 1
2 112 1
1 113 1
2 114 1
3 115 1
4 116 1
5 117 1
6 118 1
7 119 1
9 121 1
10 122 1
11 123 1
12 124 1
13 125 1
14 126 1
15 127 1
14 128 1
13 129 1
12 130 1
11 131 1
10 132 1
9 133 1
8 134 1
7 135 1
6 136 1
5 137 1
4 138 1
3 139 1
2 140 1
1 141 1
2 142 1
3 143 1
4 144 1
5 145 1
6 146 1
7 147 1
8 148 1
9 149 1
10 150 1
11 151 1
12 152 1
13 153 1
14 154 1
15 155 1
14 156 1
13 157 1
12 158 1
11 159 1
10 160 1
9 161 1
8 162 1
7 163 1
6 164 1
5 165 1
4 166 1
3 167 1
2 168 1
1 169 1
2 170 1
3 171 1
4 172 1
5 173 1
6 174 1
7 175 1
8 176 1
9 177 1
10 178 1
11 179 1
12 180 1
13 181 1
14 182 1
15 183 1
14 184 1
13 185 1
12 186 1
11 187 1
10 188 1
9 189 1
8 190 1
7 191 1
6 192 1
5 193 1
4 194 1
3 195 1
2 196 1
1 197 1
2 198 1
3 199 1
4 200 1
5 201 1
6 202 1
7 203 1
8 204 1
9 205 1
10 206 1
11 207 1
12 208 1
13 209 1
14 210 1
15 211 1
14 212 1
13 213 1
12 214 1
11 215 1
10 216 1
9 217 1
8 218 1
7 219 1
6 220 1
5 221 1
4 222 1
3 223 1
2 224 1
1 225 1
2 226 1
3 227 1
4 228 1
5 229 1
6 230 1
7 231 1
8 232 1
9 233 1
10 234 1
11 235 1
12 236 1
13 237 1
14 238 1
15 239 1
14 240 1
13 241 1
12 242 1
11 243 1
10 244 1
9 245 1
8 246 1
7 247 1
6 248 1
5 249 1
4 250 1
3 251 1
2 252 1
1 253 1
2 254 1
3 255 1
4 256 1
5 257 1
6 258 1
7 259 1
8 260 1
9 261 1
10 262 1
11 263 1
12 264 1
13 265 1
14 266 1
15 267 1
14 268 1
13 269 1
12 270 1
11 271 1
10 272 1
9 273 1
8 274 1
7 275 1
6 276 1
5 277 1
4 278 1
3 279 1
2 280 1
1 281 1
2 282 1
3 283 1
4 284 1
5 285 1
6 286 1
7 287 1
8 288 1
9 289 1
10 290 1
11 291 1
12 292 1
13 293 1
14 294 1
15 295 1
14 296 1
13 297 1
12 298 1
11 299 1
10 300 1
9 301 1
8 302 1
7 303 1
6 304 1
5 305 1
4 306 1
3 307 1
2 308 1
1 309 1
2 310 1
3 311 1
4 312 1
5 313 1
6 314 1
7 315 1
8 316 1
9 317 1
10 318 1
11 319 1
12 320 1
13 321 1
14 322 1
15 323 1
14 324 1
13 325 1
12 326 1
11 327 1
10 328 1
9 329 1
8 330 1
7 331 1
6 332 1
5 333 1
4 334 1
3 335 1
2 336 1
1 337 1
2 338 1
3 339 1
4 340 1
5 341 1
6 342 1
7 343 1
8 344 1
9 345 1
10 346 1
11 347 1
12 348 1
13 349 1
14 350 1
15 351 1
14 352 1
13 353 1
12 354 1
11 355 1
10 356 1
9 357 1
8 358 1
7 359 1
6 360 1
5 361 1
4 362 1
3 363 1
2 364 1
1 365 1
2 366 1
3 367 1
4 368 1
5 369 1
6 370 1
7 371 1
8 372 1
9 373 1
10 374 1
11 375 1
12 376 1
13 377 1
14 378 1
15 379 1
14 380 1
13 381 1
12 382 1
11 383 1
10 384 1
9 385 1
8 386 1
7 387 1
6 388 1
5 389 1
4 390 1
3 391 1
2 392 1
1 393 1
2 394 1
3 395 1
4 396 1
5 397 1
6 398 1
7 399 1
8 400 1
9 401 1
10 402 1
11 403 1
12 404 1
13 405 1
14 406 1
15 407 1
14 408 1
13 409 1
12 410 1
11 411 1
10 412 1
9 413 1
8 414 1
7 415 1
6 416 1
5 417 1
4 418 1
3 419 1
2 420 1
1 421 1
2 422 1
3 423 1
4 424 1
5 425 1
6 426 1
7 427 1
8 428 1
9 429 1
10 430 1
11 431 1
12 432 1
13 433 1
14 434 1
15 435 1
14 436 1
13 437 1
12 438 1
11 439 1
10 440 1
9 441 1
8 442 1
7 443 1
6 444 1
5 445 1
4 446 1
3 447 1
2 448 1
1 449 1
2 450 1
3 451 1
4 452 1
5 453 1
6 454 1
7 455 1
8 456 1
9 457 1
10 458 1
11 459 1
12 460 1
13 461 1
14 462 1
15 463 1
14 464 1
13 465 1
12 466 1
11 467 1
10 468 1
9 469 1
8 470 1
7 471 1
6 472 1
5 473 1
4 474 1
3 475 1
2 476 1
1 477 1
2 478 1
3 479 1
4 480 1
5 481 1
6 482 1
7 483 1
8 484 1
9 485 1
10 486 1
11 487 1
12 488 1
13 489 1
14 490 1
15 491 1
14 492 1
13 493 1
12 494 1
11 495 1
10 496 1
9 497 1
8 498 1
7 499 1
6 500 1
5 501 1
4 502 1
3 503 1
2 504 1
1 505 1
2 506 1
3 507 1
4 508 1
5 509 1
6 510 1
7 511 1
8 512 1
9 513 1
10 514 1
11 515 1
12 516 1
13 517 1
14 518 1
15 519 1
14 520 1
13 521 1
12 522 1
11 523 1
10 524 1
9 525 1
8 526 1
7 527 1
6 528 1
5 529 1
4 530 1
3 531 1
2 532 1
1 533 1
2 534 1
3 535 1
4 536 1
5 537 1
6 538 1
7 539 1
8 540 1
9 541 1
10 542 1
11 543 1
12 544 1
13 545 1
14 546 1
15 547 1
14 548 1
13 549 1
12 550 1
11 551 1
10 552 1
9 553 1
8 554 1
7 555 1
6 556 1
5 557 1
4 558 1
3 559 1
2 560 1
1 561 1
2 562 1
3 563 1
4 564 1
5 565 1
6 566 1
7 567 1
8 568 1
9 569 1
10 570 1
11 571 1
12 572 1
13 573 1
14 574 1
15 575 1
14 576 1
13 577 1
12 578 1
11 579 1
10 580 1
9 581 1
8 582 1
7 583 1
6 584 1
5 585 1
4 586 1
3 587 1
2 588 1
1 589 1
2 590 1
3 591 1
4 592 1
5 593 1
6 594 1
7 595 1
8 596 1
9 597 1
10 598 1
11 599 1
12 600 1
13 601 1
14 602 1
15 603 1
14 604 1
13 605 1
12 606 1
11 607 1
10 608 1
9 609 1
8 610 1
7 611 1
6 612 1
5 613 1
4 614 1
3 615 1
2 616 1
1 617 1
2 618 1
3 619 1
4 620 1
5 621 1
6 622 1
7 623 1
8 624 1
9 625 1
10 626 1
11 627 1
12 628 1
13 629 1
14 630 1
15 631 1
14 632 1
13 633 1
12 634 1
11 635 1
10 636 1
9 637 1
8 638 1
7 639 1
6 640 1
5 641 1
4 642 1
3 643 1
2 644 1
1 645 1
2 646 1
3 647 1
4 648 1
5 649 1
6 650 1
7 651 1
8 652 1
9 653 1
10 654 1
11 655 1
12 656 1
13 657 1
14 658 1
15 659 1
14 660 1
13 661 1
12 662 1
11 663 1
10 664 1
9 665 1
8 666 1
7 667 1
6 668 1
5 669 1
4 670 1
3 671 1
2 672 1
1 673 1
2 674 1
3 675 1
4 676 1
5 677 1
6 678 1
7 679 1
8 680 1
9 681 1
10 682 1
11 683 1
12 684 1
13 685 1
14 686 1
15 687 1
14 688 1
13 689 1
12 690 1
11 691 1
10 692 1
9 693 1
8 694 1
7 695 1
6 696 1
5 697 1
4 698 1
3 699 1
2 700 1
1 701 1
2 702 1
3 703 1
4 704 1
5 705 1
6 706 1
7 707 1
8 708 1
9 709 1
10 710 1
11 711 1
12 712 1
13 713 1
14 714 1
15 715 1
14 716 1
13 717 1
12 718 1
11 719 1
10 720 1
9 721 1
8 722 1
7 723 1
6 724 1
5 725 1
4 726 1
3 727 1
2 728 1
1 729 1
2 730 1
3 731 1
4 732 1
5 733 1
6 734 1
7 735 1
8 736 1
9 737 1
10 738 1
11 739 1
12 740 1
13 741 1
14 742 1
15 743 1
14 744 1
13 745 1
12 746 1
11 747 1
10 748 1
9 749 1
8 750 1
7 751 1
6 752 1
5 753 1
4 754 1
3 755 1
2 756 1
1 757 1
2 758 1
3 759 1
4 760 1
5 761 1
6 762 1
7 763 1
8 764 1
9 765 1
10 766 1
11 767 1
12 768 1
13 769 1
14 770 1
15 771 1
14 772 1
13 773 1
12 774 1
11 775 1
10 776 1
9 777 1
8 778 1
7 779 1
6 780 1
5 781 1
4 782 1
3 783 1
2 784 1
1 785 1
2 786 1
3 787 1
4 788 1
5 789 1
6 790 1
7 791 1
8 792 1
9 793 1
10 794 1
11 795 1
12 796 1
13 797 1
14 798 1
15 799 1
14 800 1
13 801 1
12 802 1
11 803 1
10 804 1
9 805 1
8 806 1
7 807 1
6 808 1
5 809 1
4 810 1
3 811 1
2 812 1
1 813 1
2 814 1
3 815 1
4 816 1
5 817 1
6 818 1
7 819 1
8 820 1
9 821 1
10 822 1
11 823 1
12 824 1
13 825 1
14 826 1
15 827 1
14 828 1
13 829 1
12 830 1
11 831 1
10 832 1
9 833 1
8 834 1
7 835 1
6 836 1
5 837 1
4 838 1
3 839 1
2 840 1
1 841 1
2 842 1
3 843 1
4 844 1
5 845 1
6 846 1
7 847 1
8 848 1
9 849 1
10 850 1
11 851 1
12 852 1
13 853 1
14 854 1
15 855 1
14 856 1
13 857 1
12 858 1
11 859 1
10 860 1
9 861 1
8 862 1
7 863 1
6 864 1
5 865 1
4 866 1
3 867 1
2 868 1
1 869 1
2 870 1
3 871 1
4 872 1
5 873 1
6 874 1
7 875 1
8 876 1
9 877 1
10 878 1
11 879 1
12 880 1
13 881 1
14 882 1
15 883 1
14 884 1
13 885 1
12 886 1
11 887 1
10 888 1
9 889 1
8 890 1
7 891 1
6 892 1
5 893 1
4 894 1
3 895 1
2 896 1
1 897 1
2 898 1
3 899 1
4 900 1
5 901 1
6 902 1
7 903 1
8 904 1
9 905 1
10 906 1
11 907 1
12 908 1
13 909 1
14 910 1
15 911 1
14 912 1
13 913 1
12 914 1
11 915 1
10 916 1
9 917 1
8 918 1
7 919 1
6 920 1
5 921 1
4 922 1
3 923 1
2 924 1
1 925 1
2 926 1
3 927 1
4 928 1
5 929 1
6 930 1
7 931 1
8 932 1
9 933 1
10 934 1
11 935 1
12 936 1
13 937 1
14 938 1
15 939 1
14 940 1
13 941 1
12 942 1
11 943 1
10 944 1
9 945 1
8 946 1
7 947 1
6 948 1
5 949 1
4 950 1
3 951 1
2 952 1
1 953 1
2 954 1
3 955 1
4 956 1
5 957 1
6 958 1
7 959 1
8 960 1
9 961 1
10 962 1
11 963 1
12 964 1
13 965 1
14 966 1
15 967 1
14 968 1
13 969 1
12 970 1
11 971 1
10 972 1
9 973 1
8 974 1
7 975 1
6 976 1
5 977 1
4 978 1
3 979 1
2 980 1
1 981 1
2 982 1
3 983 1
4 984 1
5 985 1
6 986 1
7 987 1
8 988 1
9 989 1
10 990 1
11 991 1
12 992 1
13 993 1
14 994 1
15 995 1
14 996 1
13 997 1
12 998 1
11 999 1
10 1000 1
9 1001 1
8 1002 1
7 1003 1
6 1004 1
5 1005 1
4 1006 1
3 1007 1
2 1008 1
1 1009 1
2 1010 1
3 1011 1
4 1012 1
5 1013 1
6 1014 1
7 1015 1
8 1016 1
9 1017 1
10 1018 1
11 1019 1
12 1020 1
13 1021 1
14 1022 1
15 1023 1
14 1024 1
13 1025 1
12 1026 1
11 1027 1
10 1028 1
9 1029 1
8 1030 1
7 1031 1
6 1032 1
5 1033 1
4 1034 1
3 1035 1
2 1036 1
1 1037 1
2 1038 1
3 1039 1
4 1040 1
5 1041 1
6 1042 1
7 1043 1
8 1044 1
9 1045 1
10 1046 1
11 1047 1
12 1048 1
13 1049 1
14 1050 1
15 1051 1
14 1052 1
13 1053 1
12 1054 1
11 1055 1
10 1056 1
9 1057 1
8 1058 1
7 1059 1
6 1060 1
5 1061 1
4 1062 1
3 1063 1
2 1064 1
1 1065 1
2 1066 1
3 1067 1
4 1068 1
5 1069 1
6 1070 1
7 1071 1
8 1072 1
9 1073 1
10 1074 1
11 1075 1
12 1076 1
13 1077 1
14 1078 1
15 1079 1
14 1080 1
13 1081 1
12 1082 1
11 1083 1
10 1084 1
9 1085 1
8 1086 1
7 1087 1
6 1088 1
5 1089 1
4 1090 1
3 1091 1
2 1092 1
1 1093 1
2 1094 1
3 1095 1
4 1096 1
5 1097 1
6 1098 1
7 1099 1
8 1100 1
9 1101 1
10 1102 1
11 1103 1
12 1104 1
13 1105 1
14 1106 1
15 1107 1
14 1108 1
13 1109 1
12 1110 1
11 1111 1
10 1112 1
9 1113 1
8 1114 1
7 1115 1
6 1116 1
5 1117 1
4 1118 1
3 1119 1
2 1120 1
1 1121 1
2 1122 1
3 1123 1
4 1124 1
5 1125 1
6 1126 1
7 1127 1
8 1128 1
9 1129 1
10 1130 1
11 1131 1
12 1132 1
13 1133 1
14 1134 1
15 1135 1
14 1136 1
13 1137 1
12 1138 1
11 1139 1
10 1140 1
9 1141 1
8 1142 1
7 1143 1
6 1144 1
5 1145 1
4 1146 1
3 1147 1
2 1148 1
1 1149 1
2 1150 1
3 1151 1
4 1152 1
5 1153 1
6 1154 1
7 1155 1
8 1156 1
9 1157 1
10 1158 1
11 1159 1
12 1160 1
13 1161 1
14 1162 1
15 1163 1
14 1164 1
13 1165 1
12 1166 1
11 1167 1
10 1168 1
9 1169 1
8 1170 1
7 1171 1
6 1172 1
5 1173 1
4 1174 1
3 1175 1
2 1176 1
1 1177 1
2 1178 1
3 1179 1
4 1180 1
5 1181 1
6 1182 1
7 1183 1
8 1184 1
9 1185 1
10 1186 1
11 1187 1
12 1188 1
13 1189 1
14 1190 1
15 1191 1
14 1192 1
13 1193 1
12 1194 1
11 1195 1
10 1196 1
9 1197 1
8 1198 1
7 1199 1
6 1200 1
5 1201 1
4 1202 1
3 1203 1
2 1204 1
1 1205 1
2 1206 1
3 1207 1
4 1208 1
5 1209 1
6 1210 1
7 1211 1
8 1212 1
9 1213 1
10 1214 1
11 1215 1
12 1216 1
13 1217 1
14 1218 1
15 1219 1
14 1220 1
13 1221 1
12 1222 1
11 1223 1
10 1224 1
9 1225 1
8 1226 1
7 1227 1
6 1228 1
5 1229 1
4 1230 1
3 1231 1
2 1232 1
1 1233 1
2 1234 1
3 1235 1
4 1236 1
5 1237 1
6 1238 1
7 1239 1
8 1240 1
9 1241 1
10 1242 1
11 1243 1
12 1244 1
13 1245 1
14 1246 1
15 1247 1
14 1248 1
13 1249 1
12 1250 1
11 1251 1
10 1252 1
9 1253 1
8 1254 1
7 1255 1
6 1256 1
5 1257 1
4 1258 1
3 1259 1
2 1260 1
1 1261 1
2 1262 1
3 1263 1
4 1264 1
5 1265 1
6 1266 1
7 1267 1
8 1268 1
9 1269 1
10 1270 1
11 1271 1
12 1272 1
13 1273 1
14 1274 1
15 1275 1
14 1276 1
13 1277 1
12 1278 1
11 1279 1
10 1280 1
9 1281 1
8 1282 1
7 1283 1
6 1284 1
5 1285 1
4 1286 1
3 1287 1
2 1288 1
1 1289 1
2 1290 1
3 1291 1
4 1292 1
5 1293 1
6 1294 1
7 1295 1
8 1296 1
9 1297 1
10 1298 1
11 1299 1
12 1300 1
13 1301 1
14 1302 1
15 1303 1
14 1304 1
13 1305 1
12 1306 1
11 1307 1
10 1308 1
9 1309 1
8 1310 1
7 1311 1
6 1312 1
5 1313 1
4 1314 1
3 1315 1
2 1316 1
1 1317 1
2 1318 1
3 1319 1
4 1320 1
5 1321 1
6 1322 1
7 1323 1
8 1324 1
9 1325 1
10 1326 1
11 1327 1
12 1328 1
13 1329 1
14 1330 1
15 1331 1
14 1332 1
13 1333 1
12 1334 1
11 1335 1
10 1336 1
9 1337 1
8 1338 1
7 1339 1
6 1340 1
5 1341 1
4 1342 1
3 1343 1
2 1344 1
1 1345 1
2 1346 1
3 1347 1
4 1348 1
5 1349 1
6 1350 1
7 1351 1
8 1352 1
9 1353 1
10 1354 1
11 1355 1
12 1356 1
13 1357 1
14 1358 1
15 1359 1
14 1360 1
13 1361 1
12 1362 1
11 1363 1
10 1364 1
9 1365 1
8 1366 1
7 1367 1
6 1368 1
5 1369 1
4 1370 1
3 1371 1
2 1372 1
1 1373 1
2 1374 1
3 1375 1
4 1376 1
5 1377 1
6 1378 1
7 1379 1
8 1380 1
9 1381 1
10 1382 1
11 1383 1
12 1384 1
13 1385 1
14 1386 1
15 1387 1
14 1388 1
13 1389 1
12 1390 1
11 1391 1
10 1392 1
9 1393 1
8 1394 1
7 1395 1
6 1396 1
5 1397 1
4 1398 1
3 1399 1
2 1400 1
9 9 2
9 21 2
9 65 2
7 91 2
8 92 2
7 107 2
8 120 2
7 23 4
8 36 4
9 37 4
9 49 4
8 50 4
7 51 4
8 78 4
7 79 4
